 HJD-2451545  Normalized_Flux  Normalized_Flux_err
   6.0851670e+03   9.9556768e-01   4.4829399e-03
   6.0851695e+03   9.9148701e-01   4.4645651e-03
   6.0851725e+03   9.9687850e-01   4.4888424e-03
   6.0851752e+03   9.9407783e-01   4.4762313e-03
   6.0851777e+03   1.0053191e+00   4.5268497e-03
   6.0851803e+03   1.0069408e+00   4.5341520e-03
   6.0851829e+03   1.0070726e+00   4.5347455e-03
   6.0851857e+03   1.0010306e+00   4.5075388e-03
   6.0851897e+03   1.0081551e+00   4.5396198e-03
   6.0851926e+03   9.9793945e-01   4.4936197e-03
   6.0851954e+03   1.0015214e+00   4.5097489e-03
   6.0851981e+03   1.0013076e+00   4.5087862e-03
   6.0852008e+03   1.0008917e+00   4.5069132e-03
   6.0852039e+03   1.0022905e+00   4.5132122e-03
   6.0852074e+03   9.9542345e-01   4.4822905e-03
   6.0852104e+03   9.9750130e-01   4.4916468e-03
   6.0852132e+03   9.9667542e-01   4.4879280e-03
   6.0852159e+03   9.9246379e-01   4.4689634e-03
   6.0852186e+03   9.9167168e-01   4.4653966e-03
   6.0852218e+03   9.9584932e-01   4.4842081e-03
   6.0852251e+03   9.9738123e-01   4.4911061e-03
   6.0852282e+03   9.9673757e-01   4.4882078e-03
   6.0852310e+03   9.9435383e-01   4.4774741e-03
   6.0852326e+03   9.9682947e-01   4.4886216e-03
   6.0852352e+03   1.0031607e+00   4.5171305e-03
   6.0852375e+03   1.0017369e+00   4.5107193e-03
   6.0852414e+03   9.9943333e-01   4.5003465e-03
   6.0852442e+03   9.9907614e-01   4.4987382e-03
   6.0852476e+03   9.9539017e-01   4.4821406e-03
   6.0852505e+03   1.0024675e+00   4.5140092e-03
   6.0852530e+03   1.0013287e+00   4.5088813e-03
   6.0852555e+03   9.8954081e-01   4.4558015e-03
   6.0852584e+03   9.9307157e-01   4.4717002e-03
   6.0852616e+03   9.9285793e-01   4.4707382e-03
   6.0852642e+03   1.0028929e+00   4.5159246e-03
   6.0852670e+03   1.0002308e+00   4.5039375e-03
   6.0852699e+03   1.0091456e+00   4.5440799e-03
   6.0852729e+03   1.0026902e+00   4.5150121e-03
   6.0852766e+03   9.9204540e-01   4.4670795e-03
   6.0852795e+03   1.0026286e+00   4.5147347e-03
   6.0852825e+03   9.9130329e-01   4.4637378e-03
   6.0852853e+03   9.9590967e-01   4.4844799e-03
   6.0852882e+03   9.9741016e-01   4.4912364e-03
   6.0852912e+03   9.9445952e-01   4.4779500e-03
   6.0852945e+03   9.9979249e-01   4.5019638e-03
   6.0852977e+03   9.9943508e-01   4.5003544e-03
   6.0853008e+03   1.0072894e+00   4.5357217e-03
   6.0853039e+03   9.9943250e-01   4.5003428e-03
   6.0853073e+03   1.0027616e+00   4.5153336e-03
   6.0853106e+03   1.0049696e+00   4.5252756e-03
   6.0853138e+03   1.0027836e+00   4.5154325e-03
   6.0853170e+03   1.0067003e+00   4.5330689e-03
   6.0853199e+03   1.0036155e+00   4.5191783e-03
   6.0853229e+03   1.0068878e+00   4.5339132e-03
   6.0853258e+03   9.9676906e-01   4.4883496e-03
   6.0853290e+03   9.9918933e-01   4.4992478e-03
   6.0853319e+03   9.9307331e-01   4.4717080e-03
   6.0853350e+03   1.0035220e+00   4.5187575e-03
   6.0853384e+03   9.9349478e-01   4.4736059e-03
   6.0853415e+03   1.0063626e+00   4.5315481e-03
   6.0853448e+03   9.9395643e-01   4.4756846e-03
   6.0853478e+03   9.9958615e-01   4.5010347e-03
   6.0853507e+03   9.9523717e-01   4.4814517e-03
   6.0853537e+03   9.8662898e-01   4.4426899e-03
   6.0853567e+03   9.9875938e-01   4.4973118e-03
   6.0853597e+03   9.9814462e-01   4.4945436e-03
   6.0853631e+03   1.0021224e+00   4.5124549e-03
   6.0853662e+03   1.0050640e+00   4.5257008e-03
   6.0853692e+03   1.0012768e+00   4.5086475e-03
   6.0853722e+03   9.9860503e-01   4.4966168e-03
   6.0853756e+03   1.0107281e+00   4.5512058e-03
   6.0853796e+03   1.0047400e+00   4.5242421e-03
   6.0853836e+03   1.0112130e+00   4.5533890e-03
   6.0853870e+03   1.0062326e+00   4.5309630e-03
   6.0853902e+03   1.0046633e+00   4.5238967e-03
   6.0853931e+03   1.0031854e+00   4.5172416e-03
   6.0853962e+03   1.0014914e+00   4.5096139e-03
   6.0853992e+03   9.9967923e-01   4.5014538e-03
   6.0854022e+03   9.9974065e-01   4.5017304e-03
   6.0854052e+03   1.0088992e+00   4.5429705e-03
   6.0854083e+03   1.0032770e+00   4.5176543e-03
   6.0854113e+03   1.0001096e+00   4.5033916e-03
   6.0854142e+03   1.0036763e+00   4.5194522e-03
   6.0854173e+03   1.0034815e+00   4.5185748e-03
   6.0854203e+03   1.0012760e+00   4.5086437e-03
   6.0923048e+03   9.9655584e-01   3.6646926e-03
   6.0923075e+03   1.0019054e+00   3.6843649e-03
   6.0923101e+03   1.0026026e+00   3.6869288e-03
   6.0923129e+03   1.0042040e+00   3.6928178e-03
   6.0923158e+03   1.0050379e+00   3.6958842e-03
   6.0923186e+03   1.0054688e+00   3.6974688e-03
   6.0923214e+03   1.0057470e+00   3.6984919e-03
   6.0923245e+03   1.0071367e+00   3.7036024e-03
   6.0923274e+03   9.9876151e-01   3.6728037e-03
   6.0923303e+03   9.9722923e-01   3.6671689e-03
   6.0923331e+03   9.9863963e-01   3.6723555e-03
   6.0923359e+03   9.9811871e-01   3.6704399e-03
   6.0923388e+03   1.0013089e+00   3.6821714e-03
   6.0923420e+03   9.9799599e-01   3.6699886e-03
   6.0923450e+03   9.9836337e-01   3.6713396e-03
   6.0923479e+03   9.9870016e-01   3.6725781e-03
   6.0923507e+03   9.9857994e-01   3.6721360e-03
   6.0923536e+03   1.0041741e+00   3.6927076e-03
   6.0923564e+03   1.0000827e+00   3.6776622e-03
   6.0923595e+03   9.9943814e-01   3.6752919e-03
   6.0923625e+03   9.9830369e-01   3.6711201e-03
   6.0923659e+03   9.9594592e-01   3.6624498e-03
   6.0923692e+03   1.0011242e+00   3.6814921e-03
   6.0923721e+03   1.0056534e+00   3.6981476e-03
   6.0923750e+03   1.0019564e+00   3.6845526e-03
   6.0923779e+03   1.0006354e+00   3.6796948e-03
   6.0923808e+03   9.9998959e-01   3.6773198e-03
   6.0923839e+03   1.0026651e+00   3.6871587e-03
   6.0923869e+03   9.9588474e-01   3.6622248e-03
   6.0923898e+03   1.0016484e+00   3.6834199e-03
   6.0923927e+03   1.0035577e+00   3.6904411e-03
   6.0923957e+03   9.9463111e-01   3.6576147e-03
   6.0923987e+03   9.8161665e-01   3.6097559e-03
   6.0924017e+03   9.9545621e-01   3.6606489e-03
   6.0924050e+03   1.0008806e+00   3.6805964e-03
   6.0931319e+03   9.9649898e-01   2.2918841e-03
   6.0931349e+03   9.9894666e-01   2.2975136e-03
   6.0931379e+03   9.9628369e-01   2.2913889e-03
   6.0931415e+03   9.9747803e-01   2.2941358e-03
   6.0931449e+03   9.9833703e-01   2.2961115e-03
   6.0931491e+03   9.9919244e-01   2.2980788e-03
   6.0931520e+03   9.9497017e-01   2.2883679e-03
   6.0931554e+03   9.9809247e-01   2.2955490e-03
   6.0931587e+03   9.9766207e-01   2.2945591e-03
   6.0931616e+03   9.9686673e-01   2.2927298e-03
   6.0931644e+03   9.9301704e-01   2.2838758e-03
   6.0931679e+03   9.9799862e-01   2.2953331e-03
   6.0931737e+03   9.9738690e-01   2.2939262e-03
   6.0931765e+03   9.9956283e-01   2.2989307e-03
   6.0931796e+03   1.0005449e+00   2.3011894e-03
   6.0931826e+03   1.0053487e+00   2.3122379e-03
   6.0931916e+03   1.0035445e+00   2.3080882e-03
   6.0931944e+03   1.0016819e+00   2.3038044e-03
   6.0931974e+03   1.0009132e+00   2.3020365e-03
   6.0932003e+03   1.0136848e+00   2.3314104e-03
   6.0932032e+03   1.0043320e+00   2.3098995e-03
   6.0932064e+03   1.0015587e+00   2.3035212e-03
   6.0932096e+03   9.9894841e-01   2.2975176e-03
   6.0932126e+03   1.0001767e+00   2.3003426e-03
   6.0932161e+03   1.0009537e+00   2.3021296e-03
   6.0932192e+03   1.0003911e+00   2.3008357e-03
   6.0932224e+03   9.9895982e-01   2.2975438e-03
   6.0932255e+03   1.0074545e+00   2.3170809e-03
   6.0932286e+03   9.9921342e-01   2.2981271e-03
   6.0951202e+03   1.0131481e+00   4.3558680e-03
   6.0951231e+03   1.0028591e+00   4.3234750e-03
   6.0951261e+03   9.9711190e-01   4.3061397e-03
   6.0951291e+03   9.9592022e-01   4.3038257e-03
   6.0951322e+03   9.9851204e-01   4.3139727e-03
   6.0951352e+03   9.9692150e-01   4.3102192e-03
   6.0951388e+03   9.9683731e-01   4.3116204e-03
   6.0951420e+03   9.9897112e-01   4.3201537e-03
   6.0951450e+03   9.9580128e-01   4.3109838e-03
   6.0951480e+03   1.0018989e+00   4.3324392e-03
   6.0951510e+03   1.0080841e+00   4.3541160e-03
   6.0951540e+03   9.9890705e-01   4.3249108e-03
   6.0951569e+03   9.9907540e-01   4.3265447e-03
   6.0951599e+03   1.0032541e+00   4.3414255e-03
   6.0951630e+03   9.9948008e-01   4.3300006e-03
   6.0951665e+03   1.0033324e+00   4.3438857e-03
   6.0951698e+03   1.0038916e+00   4.3467601e-03
   6.0951731e+03   9.9343101e-01   4.3130860e-03
   6.0951762e+03   9.9616692e-01   4.3230310e-03
   6.0951794e+03   1.0002304e+00   4.3373245e-03
   6.0951834e+03   9.9457848e-01   4.3195994e-03
   6.0951867e+03   9.9214464e-01   4.3123094e-03
   6.0951898e+03   9.9380281e-01   4.3184955e-03
   6.0951930e+03   9.9393473e-01   4.3195994e-03
   6.0951961e+03   9.9394923e-01   4.3202635e-03
   6.0951992e+03   9.9330558e-01   4.3187155e-03
   6.0952029e+03   9.9262414e-01   4.3171036e-03
   6.0952062e+03   9.9705789e-01   4.3323286e-03
   6.0952094e+03   9.9269558e-01   4.3183782e-03
   6.0952126e+03   9.9089286e-01   4.3128663e-03
   6.0952157e+03   9.9624432e-01   4.3310009e-03
   6.0952188e+03   9.9639441e-01   4.3318913e-03
   6.0952220e+03   9.9437216e-01   4.3255681e-03
   6.0952251e+03   9.9768480e-01   4.3368787e-03
   6.0952287e+03   1.0032471e+00   4.3556650e-03
   6.0952321e+03   1.0000566e+00   4.3454276e-03
   6.0952354e+03   1.0017113e+00   4.3511911e-03
   6.0952384e+03   1.0003332e+00   4.3468782e-03
   6.0952415e+03   9.9794205e-01   4.3392029e-03
   6.0952447e+03   1.0038912e+00   4.3591213e-03
   6.0952478e+03   9.9529905e-01   4.3308908e-03
   6.0952509e+03   9.9557209e-01   4.3319903e-03
   6.0952541e+03   1.0026708e+00   4.3556727e-03
   6.0952574e+03   9.9593341e-01   4.3335542e-03
   6.0952606e+03   1.0033381e+00   4.3582329e-03
   6.0952638e+03   9.9352423e-01   4.3259064e-03
   6.0952670e+03   9.9675868e-01   4.3367644e-03
   6.0952702e+03   9.9738556e-01   4.3389819e-03
   6.0952733e+03   1.0008694e+00   4.3506525e-03
   6.0952765e+03   1.0047687e+00   4.3636991e-03
   6.0952797e+03   1.0015941e+00   4.3533244e-03
   6.0952828e+03   9.9293710e-01   4.3248009e-03
   6.0952859e+03   1.0029266e+00   4.3580033e-03
   6.0952894e+03   9.9723552e-01   4.3393172e-03
   6.0952927e+03   9.9917160e-01   4.3458742e-03
   6.0952960e+03   9.9667485e-01   4.3377623e-03
   6.0952994e+03   9.9976984e-01   4.3481728e-03
   6.0953027e+03   9.9576757e-01   4.3350963e-03
   6.0953059e+03   1.0032075e+00   4.3599023e-03
   6.0953092e+03   1.0044985e+00   4.3643663e-03
   6.0953125e+03   1.0022123e+00   4.3570007e-03
   6.0953156e+03   1.0044084e+00   4.3644813e-03
   6.0953189e+03   1.0022465e+00   4.3575554e-03
   6.0953221e+03   1.0048714e+00   4.3664904e-03
   6.0953252e+03   1.0047911e+00   4.3664864e-03
   6.0953285e+03   1.0005964e+00   4.3528846e-03
   6.0953316e+03   1.0014124e+00   4.3558869e-03
   6.0953349e+03   1.0027968e+00   4.3607986e-03
   6.0953382e+03   1.0003627e+00   4.3531063e-03
   6.0953414e+03   1.0041908e+00   4.3661567e-03
   6.0953446e+03   9.9348064e-01   4.3311074e-03
   6.0953480e+03   9.9935147e-01   4.3509923e-03
   6.0953513e+03   1.0038900e+00   4.3664904e-03
   6.0953545e+03   9.9844782e-01   4.3489786e-03
   6.0953578e+03   9.9708056e-01   4.3449889e-03
   6.0953610e+03   9.9201214e-01   4.3287800e-03
   6.0953643e+03   1.0031239e+00   4.3661719e-03
   6.0953675e+03   1.0007194e+00   4.3588419e-03
   6.0953707e+03   9.9837795e-01   4.3517682e-03
   6.0953782e+03   1.0102906e+00   4.3929307e-03
   6.0953806e+03   9.9431611e-01   4.3406515e-03
   6.0953839e+03   9.9704397e-01   4.3505375e-03
   6.0953872e+03   1.0017569e+00   4.3670467e-03
   6.0953904e+03   9.9753226e-01   4.3539937e-03
   6.0953934e+03   9.9518748e-01   4.3471533e-03
   6.1001314e+03   9.9911435e-01   3.7657804e-03
   6.1001342e+03   9.9332507e-01   3.7439599e-03
   6.1001372e+03   9.8955349e-01   3.7297444e-03
   6.1001401e+03   9.9717678e-01   3.7584775e-03
   6.1001430e+03   9.9347951e-01   3.7445420e-03
   6.1001459e+03   9.9788036e-01   3.7611294e-03
   6.1001489e+03   9.9396661e-01   3.7463780e-03
   6.1001518e+03   9.9332680e-01   3.7439665e-03
   6.1001548e+03   9.9439450e-01   3.7479907e-03
   6.1001577e+03   9.9654895e-01   3.7561111e-03
   6.1001605e+03   9.9216795e-01   3.7395986e-03
   6.1001640e+03   9.9550525e-01   3.7521773e-03
   6.1001671e+03   9.8870205e-01   3.7265352e-03
   6.1001700e+03   9.9803469e-01   3.7617110e-03
   6.1001729e+03   9.9372211e-01   3.7454564e-03
   6.1001759e+03   9.8885405e-01   3.7271081e-03
   6.1001788e+03   9.9846258e-01   3.7633238e-03
   6.1001817e+03   9.9146666e-01   3.7369554e-03
   6.1001847e+03   1.0008254e+00   3.7722295e-03
   6.1001876e+03   9.9916882e-01   3.7659857e-03
   6.1001906e+03   9.9825817e-01   3.7625534e-03
   6.1001944e+03   9.9938299e-01   3.7667930e-03
   6.1001975e+03   9.9424166e-01   3.7474146e-03
   6.1002004e+03   9.9821698e-01   3.7623981e-03
   6.1002033e+03   9.9972887e-01   3.7680966e-03
   6.1002062e+03   1.0029172e+00   3.7801138e-03
   6.1002091e+03   9.9702176e-01   3.7578932e-03
   6.1002120e+03   9.9265788e-01   3.7414452e-03
   6.1002150e+03   9.9598279e-01   3.7539772e-03
   6.1002179e+03   9.9714353e-01   3.7583521e-03
   6.1002209e+03   1.0065576e+00   3.7938349e-03
   6.1002238e+03   9.9467141e-01   3.7490344e-03
   6.1002271e+03   1.0019433e+00   3.7764431e-03
   6.1002302e+03   9.9892480e-01   3.7650660e-03
   6.1002333e+03   1.0033507e+00   3.7817477e-03
   6.1002363e+03   1.0009810e+00   3.7728160e-03
   6.1002392e+03   1.0020877e+00   3.7769872e-03
   6.1002422e+03   9.9521931e-01   3.7510995e-03
   6.1002452e+03   9.9229087e-01   3.7400619e-03
   6.1002483e+03   9.9742120e-01   3.7593987e-03
   6.1002512e+03   1.0022109e+00   3.7774516e-03
   6.1002541e+03   9.9659539e-01   3.7562862e-03
   6.1002570e+03   1.0109258e+00   3.8102991e-03
   6.1002600e+03   9.9999584e-01   3.7691029e-03
   6.1002629e+03   1.0020568e+00   3.7768710e-03
   6.1002658e+03   1.0055997e+00   3.7902243e-03
   6.1002687e+03   1.0056544e+00   3.7904306e-03
   6.1002720e+03   1.0094661e+00   3.8047975e-03
   6.1002751e+03   9.9629345e-01   3.7551481e-03
   6.1002782e+03   1.0065284e+00   3.7937249e-03
   6.1002812e+03   9.9932151e-01   3.7665612e-03
   6.1002844e+03   9.9733972e-01   3.7590916e-03
   6.1002875e+03   1.0043038e+00   3.7853401e-03
   6.1002906e+03   9.9898451e-01   3.7652910e-03
   6.1002936e+03   1.0059089e+00   3.7913897e-03
   6.1002965e+03   1.0003051e+00   3.7702684e-03
   6.1002995e+03   9.9183163e-01   3.7383310e-03
   6.1003025e+03   1.0023949e+00   3.7781451e-03
   6.1003056e+03   1.0045518e+00   3.7862746e-03
   6.1003087e+03   9.9926270e-01   3.7663395e-03
   6.1003119e+03   1.0018403e+00   3.7760550e-03
   6.1003150e+03   1.0036882e+00   3.7830199e-03
   6.1003180e+03   1.0055714e+00   3.7901178e-03
   6.1003210e+03   1.0035023e+00   3.7823190e-03
   6.1003240e+03   1.0043664e+00   3.7855762e-03
   6.1003269e+03   1.0064338e+00   3.7933685e-03
   6.1003299e+03   1.0009801e+00   3.7728126e-03
   6.1003330e+03   1.0075731e+00   3.7976624e-03
   6.1003361e+03   1.0066186e+00   3.7940648e-03
   6.1003391e+03   1.0125103e+00   3.8162712e-03
   6.1003421e+03   1.0111736e+00   3.8112331e-03
   6.1003451e+03   1.0101189e+00   3.8072580e-03
   6.1003481e+03   1.0064037e+00   3.7932549e-03
   6.1003511e+03   1.0055696e+00   3.7901112e-03
   6.1003541e+03   1.0018729e+00   3.7761778e-03
   6.1003571e+03   1.0041195e+00   3.7846454e-03
   6.1003601e+03   9.9837044e-01   3.7629765e-03
   6.1003631e+03   9.9445559e-01   3.7482210e-03
   6.1003661e+03   1.0115476e+00   3.8126427e-03
   6.1003690e+03   9.9907662e-01   3.7656382e-03
   6.1011382e+03   9.9837906e-01   5.0446878e-03
   6.1011423e+03   9.9617248e-01   5.0335383e-03
   6.1011450e+03   9.9697774e-01   5.0376071e-03
   6.1011480e+03   9.8977924e-01   5.0012340e-03
   6.1011510e+03   9.9215385e-01   5.0132326e-03
   6.1011540e+03   9.9245710e-01   5.0147649e-03
   6.1011569e+03   9.9026535e-01   5.0036902e-03
   6.1011599e+03   9.9581380e-01   5.0317259e-03
   6.1011629e+03   9.9600010e-01   5.0326672e-03
   6.1011659e+03   9.9682450e-01   5.0368328e-03
   6.1011689e+03   9.9597038e-01   5.0325171e-03
   6.1011720e+03   9.9749806e-01   5.0402363e-03
   6.1011750e+03   9.9838604e-01   5.0447231e-03
   6.1011779e+03   1.0006863e+00   5.0563459e-03
   6.1011809e+03   9.9596772e-01   5.0325036e-03
   6.1011841e+03   9.9566248e-01   5.0309613e-03
   6.1011898e+03   1.0005659e+00   5.0557377e-03
   6.1011927e+03   1.0016413e+00   5.0611715e-03
   6.1011956e+03   9.9878686e-01   5.0467484e-03
   6.1011986e+03   1.0018859e+00   5.0624074e-03
   6.1012015e+03   9.9453140e-01   5.0252461e-03
   6.1012044e+03   9.9514311e-01   5.0283370e-03
   6.1012074e+03   9.9523404e-01   5.0287964e-03
   6.1012103e+03   1.0086780e+00   5.0967270e-03
   6.1012132e+03   1.0032412e+00   5.0692554e-03
   6.1012162e+03   9.9866323e-01   5.0461237e-03
   6.1012191e+03   1.0037648e+00   5.0719011e-03
   6.1012221e+03   9.9948983e-01   5.0503004e-03
   6.1012250e+03   9.9798796e-01   5.0427117e-03
   6.1012279e+03   9.9413669e-01   5.0232516e-03
   6.1012309e+03   9.9814055e-01   5.0434827e-03
   6.1012338e+03   9.9691732e-01   5.0373018e-03
   6.1012367e+03   9.9148298e-01   5.0098428e-03
   6.1012396e+03   9.8759513e-01   4.9901980e-03
   6.1012425e+03   9.9462402e-01   5.0257141e-03
   6.1012454e+03   9.9273173e-01   5.0161525e-03
   6.1012483e+03   1.0001670e+00   5.0537219e-03
   6.1012512e+03   9.9636500e-01   5.0345110e-03
   6.1012545e+03   9.9878686e-01   5.0467484e-03
   6.1012576e+03   1.0032729e+00   5.0694160e-03
   6.1012605e+03   1.0001968e+00   5.0538727e-03
   6.1012635e+03   9.9236560e-01   5.0143026e-03
   6.1012664e+03   9.9432615e-01   5.0242090e-03
   6.1012694e+03   9.9853953e-01   5.0454987e-03
   6.1012724e+03   9.9636500e-01   5.0345110e-03
   6.1012753e+03   1.0005026e+00   5.0554178e-03
   6.1012782e+03   9.9967332e-01   5.0512276e-03
   6.1012811e+03   9.9731498e-01   5.0393112e-03
   6.1012840e+03   1.0056454e+00   5.0814037e-03
   6.1012870e+03   1.0025955e+00   5.0659929e-03
   6.1012899e+03   1.0042260e+00   5.0742317e-03
   6.1012929e+03   1.0087373e+00   5.0970270e-03
   6.1012958e+03   1.0072835e+00   5.0896811e-03
   6.1012987e+03   1.0001968e+00   5.0538727e-03
   6.1013016e+03   1.0055544e+00   5.0809441e-03
   6.1013045e+03   1.0089563e+00   5.0981332e-03
   6.1013074e+03   1.0072233e+00   5.0893769e-03
   6.1013103e+03   1.0094801e+00   5.1007803e-03
   6.1013132e+03   1.0079340e+00   5.0929679e-03
   6.1013161e+03   1.0073154e+00   5.0898419e-03
   6.1013190e+03   1.0027954e+00   5.0670032e-03
   6.1013219e+03   1.0041660e+00   5.0739284e-03
   6.1013247e+03   1.0015181e+00   5.0605492e-03
   6.1013283e+03   1.0063885e+00   5.0851585e-03
   6.1013313e+03   9.9890885e-01   5.0473648e-03
   6.1013342e+03   1.0005044e+00   5.0554267e-03
   6.1013370e+03   1.0064964e+00   5.0857037e-03
   6.1013398e+03   1.0053981e+00   5.0801542e-03
   6.1013427e+03   1.0008410e+00   5.0571279e-03
   6.1013456e+03   9.9752875e-01   5.0403913e-03
   6.1013484e+03   9.8892934e-01   4.9969395e-03
   6.1013512e+03   1.0069748e+00   5.0881208e-03
   6.1013541e+03   1.0078411e+00   5.0924983e-03
   6.1013569e+03   9.9774257e-01   5.0414717e-03
   6.1013597e+03   1.0130518e+00   5.1188275e-03
   6.1013626e+03   1.0013642e+00   5.0597714e-03
   6.1013656e+03   1.0086151e+00   5.0964093e-03
   6.1013685e+03   1.0136758e+00   5.1219802e-03
   6.1021222e+03   9.9331863e-01   5.7470559e-03
   6.1021251e+03   9.9451024e-01   5.7539502e-03
   6.1021280e+03   9.9039569e-01   5.7301446e-03
   6.1021312e+03   9.9228352e-01   5.7410671e-03
   6.1021342e+03   1.0015874e+00   5.7948967e-03
   6.1021371e+03   9.9167531e-01   5.7375481e-03
   6.1021399e+03   9.9114232e-01   5.7344644e-03
   6.1021654e+03   9.9701529e-01   5.7684437e-03
   6.1021682e+03   9.9937468e-01   5.7820944e-03
   6.1021711e+03   9.9925355e-01   5.7813936e-03
   6.1021740e+03   9.9457052e-01   5.7542989e-03
   6.1021777e+03   1.0038660e+00   5.8080799e-03
   6.1021809e+03   1.0003583e+00   5.7877854e-03
   6.1021838e+03   9.8723936e-01   5.7118830e-03
   6.1021868e+03   9.9658884e-01   5.7659764e-03
   6.1021897e+03   9.9579261e-01   5.7613696e-03
   6.1021926e+03   9.9362223e-01   5.7488124e-03
   6.1021955e+03   9.9677005e-01   5.7670248e-03
   6.1021995e+03   9.8685272e-01   5.7096460e-03
   6.1022023e+03   9.9787297e-01   5.7734060e-03
   6.1022052e+03   9.9493755e-01   5.7564225e-03
   6.1022081e+03   1.0024482e+00   5.7998769e-03
   6.1022113e+03   1.0074160e+00   5.8286194e-03
   6.1022143e+03   9.9671139e-01   5.7666854e-03
   6.1022235e+03   1.0077258e+00   5.8304117e-03
   6.1022265e+03   9.9888493e-01   5.7792609e-03
   6.1022295e+03   9.9664842e-01   5.7663211e-03
   6.1022324e+03   1.0068605e+00   5.8254052e-03
   6.1022358e+03   9.9870076e-01   5.7781953e-03
   6.1022389e+03   1.0016182e+00   5.7950750e-03
   6.1022418e+03   9.9487459e-01   5.7560582e-03
   6.1022447e+03   9.9622129e-01   5.7638499e-03
   6.1022476e+03   9.9188614e-01   5.7387679e-03
   6.1022505e+03   9.9054794e-01   5.7310255e-03
   6.1022534e+03   9.9974514e-01   5.7842378e-03
   6.1022564e+03   1.0029424e+00   5.8027361e-03
   6.1022596e+03   1.0034349e+00   5.8055860e-03
   6.1022626e+03   1.0026948e+00   5.8013039e-03
   6.1022656e+03   1.0026332e+00   5.8009470e-03
   6.1022685e+03   9.9408230e-01   5.7514742e-03
   6.1022714e+03   1.0052222e+00   5.8159264e-03
   6.1022755e+03   1.0166038e+00   5.8817773e-03
   6.1022783e+03   9.9894814e-01   5.7796266e-03
   6.1022812e+03   9.9680071e-01   5.7672022e-03
   6.1022841e+03   1.0030648e+00   5.8034443e-03
   6.1022871e+03   9.9310484e-01   5.7458190e-03
   6.1022900e+03   1.0041720e+00   5.8098503e-03
   6.1022929e+03   1.0011574e+00   5.7924085e-03
   6.1022958e+03   9.9796590e-01   5.7739436e-03
   6.1022987e+03   9.9091340e-01   5.7331399e-03
   6.1023017e+03   1.0090562e+00   5.8381087e-03
   6.1023046e+03   1.0035574e+00   5.8062945e-03
   6.1023077e+03   9.9643566e-01   5.7650901e-03
   6.1023107e+03   1.0012814e+00   5.7931261e-03
   6.1023137e+03   9.8848285e-01   5.7190775e-03
   6.1023168e+03   9.9322788e-01   5.7465308e-03
   6.1023198e+03   1.0028190e+00   5.8020221e-03
   6.1023228e+03   1.0166432e+00   5.8820049e-03
   6.1023257e+03   1.0075399e+00   5.8293361e-03
   6.1023290e+03   1.0018989e+00   5.7966989e-03
   6.1023321e+03   1.0032498e+00   5.8045150e-03
   6.1023350e+03   9.9158206e-01   5.7370086e-03
   6.1023380e+03   1.0039585e+00   5.8086154e-03
   6.1023418e+03   1.0131238e+00   5.8616427e-03
   6.1023449e+03   1.0088081e+00   5.8366732e-03
   6.1023479e+03   9.9704762e-01   5.7686307e-03
   6.1023509e+03   1.0049741e+00   5.8144910e-03
   6.1023538e+03   1.0101416e+00   5.8443888e-03
   6.1023567e+03   1.0145236e+00   5.8697416e-03
   6.1023598e+03   1.0166743e+00   5.8821853e-03
   6.1023628e+03   1.0016807e+00   5.7954363e-03
   6.1023657e+03   1.0102357e+00   5.8449330e-03
   6.1061404e+03   1.0002563e+00   4.3206112e-03
   6.1061431e+03   9.9390416e-01   4.2931729e-03
   6.1061460e+03   9.9207518e-01   4.2852727e-03
   6.1061489e+03   9.9684360e-01   4.3058699e-03
   6.1061518e+03   9.9520142e-01   4.2987765e-03
   6.1061546e+03   9.9581262e-01   4.3014166e-03
   6.1061580e+03   9.9056091e-01   4.2787318e-03
   6.1061618e+03   1.0002484e+00   4.3205769e-03
   6.1062869e+03   9.9983383e-01   4.3187862e-03
   6.1062900e+03   9.9917359e-01   4.3159343e-03
   6.1062929e+03   1.0023672e+00   4.3297289e-03
   6.1062957e+03   1.0042504e+00   4.3378637e-03
   6.1062985e+03   1.0077063e+00   4.3527915e-03
   6.1063014e+03   1.0036931e+00   4.3354564e-03
   6.1063043e+03   9.9724298e-01   4.3075950e-03
   6.1063071e+03   1.0147544e+00   4.3832357e-03
   6.1063100e+03   1.0013534e+00   4.3253501e-03
   6.1063128e+03   9.9497944e-01   4.2978176e-03
   6.1063157e+03   1.0092246e+00   4.3593496e-03
   6.1063187e+03   1.0017537e+00   4.3270790e-03
   6.1063216e+03   9.9855950e-01   4.3132817e-03
   6.1063245e+03   1.0027705e+00   4.3314711e-03
   6.1063275e+03   1.0015690e+00   4.3262812e-03
   6.1063304e+03   1.0029520e+00   4.3322551e-03
   6.1063333e+03   9.9791766e-01   4.3105093e-03
   6.1063365e+03   1.0008003e+00   4.3229609e-03
   6.1063395e+03   1.0004936e+00   4.3216360e-03
   6.1063425e+03   1.0005234e+00   4.3217650e-03
   6.1063455e+03   1.0044649e+00   4.3387899e-03
   6.1063484e+03   9.9696701e-01   4.3064029e-03
   6.1063514e+03   9.9229560e-01   4.2862248e-03
   6.1063542e+03   9.9945100e-01   4.3171326e-03
   6.1071325e+03   9.9812963e-01   3.9452213e-03
   6.1071355e+03   9.9488671e-01   3.9324033e-03
   6.1071385e+03   9.9083228e-01   3.9163777e-03
   6.1071413e+03   9.8973805e-01   3.9120526e-03
   6.1071442e+03   9.9424723e-01   3.9298756e-03
   6.1071471e+03   9.9171515e-01   3.9198673e-03
   6.1071500e+03   9.9270614e-01   3.9237843e-03
   6.1071544e+03   9.9339175e-01   3.9264943e-03
   6.1071567e+03   9.9236351e-01   3.9224300e-03
   6.1071596e+03   9.9278194e-01   3.9240839e-03
   6.1071625e+03   9.9183801e-01   3.9203529e-03
   6.1071654e+03   9.9714728e-01   3.9413384e-03
   6.1071683e+03   9.9400092e-01   3.9289021e-03
   6.1071712e+03   9.9455029e-01   3.9310735e-03
   6.1071741e+03   9.9387963e-01   3.9284227e-03
   6.1071770e+03   9.9491896e-01   3.9325307e-03
   6.1071799e+03   9.9908047e-01   3.9489796e-03
   6.1071828e+03   1.0000094e+00   3.9526512e-03
   6.1071858e+03   1.0001543e+00   3.9532239e-03
   6.1071887e+03   9.9904798e-01   3.9488512e-03
   6.1071916e+03   9.9592627e-01   3.9365122e-03
   6.1071945e+03   9.9546883e-01   3.9347042e-03
   6.1071974e+03   9.9442883e-01   3.9305935e-03
   6.1072008e+03   9.9321198e-01   3.9257837e-03
   6.1072040e+03   9.9516283e-01   3.9334947e-03
   6.1072070e+03   1.0025220e+00   3.9625826e-03
   6.1072099e+03   9.9800866e-01   3.9447431e-03
   6.1072132e+03   9.9876986e-01   3.9477519e-03
   6.1072163e+03   9.9760989e-01   3.9431670e-03
   6.1072192e+03   9.9926388e-01   3.9497045e-03
   6.1072222e+03   1.0050171e+00   3.9724449e-03
   6.1072251e+03   9.9712018e-01   3.9412313e-03
   6.1072281e+03   9.9656766e-01   3.9390474e-03
   6.1072311e+03   9.9131982e-01   3.9183047e-03
   6.1072340e+03   9.8910015e-01   3.9095312e-03
   6.1072370e+03   9.9250556e-01   3.9229915e-03
   6.1072400e+03   9.9040592e-01   3.9146924e-03
   6.1072430e+03   1.0009523e+00   3.9563783e-03
   6.1072461e+03   9.9552917e-01   3.9349427e-03
   6.1072490e+03   1.0051099e+00   3.9728116e-03
   6.1072520e+03   1.0046165e+00   3.9708614e-03
   6.1072550e+03   9.9717970e-01   3.9414666e-03
   6.1072579e+03   9.9598745e-01   3.9367541e-03
   6.1072609e+03   9.9510078e-01   3.9332494e-03
   6.1072640e+03   9.9788503e-01   3.9442545e-03
   6.1072670e+03   1.0142855e+00   4.0090793e-03
   6.1072704e+03   1.0021742e+00   3.9612080e-03
   6.1072735e+03   1.0022755e+00   3.9616082e-03
   6.1072766e+03   1.0005224e+00   3.9546791e-03
   6.1072796e+03   9.9256918e-01   3.9232430e-03
   6.1072829e+03   9.9884621e-01   3.9480537e-03
   6.1072860e+03   9.9751792e-01   3.9428034e-03
   6.1072890e+03   9.9171515e-01   3.9198673e-03
   6.1072921e+03   1.0215994e+00   4.0379882e-03
   6.1072954e+03   1.0166082e+00   4.0182598e-03
   6.1072986e+03   1.0171869e+00   4.0205472e-03
   6.1073016e+03   1.0200312e+00   4.0317898e-03
   6.1073047e+03   1.0143211e+00   4.0092200e-03
   6.1073087e+03   1.0074937e+00   3.9822339e-03
   6.1073121e+03   1.0103597e+00   3.9935621e-03
   6.1073153e+03   1.0074929e+00   3.9822306e-03
   6.1073184e+03   1.0077672e+00   3.9833150e-03
   6.1073215e+03   1.0119842e+00   3.9999832e-03
   6.1073246e+03   1.0049245e+00   3.9720787e-03
   6.1073276e+03   1.0082321e+00   3.9851523e-03
   6.1073308e+03   1.0076230e+00   3.9827449e-03
   6.1073339e+03   1.0055107e+00   3.9743959e-03
   6.1073370e+03   1.0054171e+00   3.9740258e-03
   6.1073401e+03   1.0022764e+00   3.9616119e-03
   6.1073440e+03   9.9904890e-01   3.9488548e-03
   6.1073472e+03   1.0055744e+00   3.9746474e-03
   6.1073504e+03   1.0043394e+00   3.9697662e-03
   6.1073534e+03   1.0027052e+00   3.9633068e-03
   6.1073563e+03   9.9940783e-01   3.9502735e-03
   6.1081304e+03   9.9648092e-01   4.4870521e-03
   6.1081331e+03   9.9134757e-01   4.4639372e-03
   6.1081360e+03   9.9451868e-01   4.4782164e-03
   6.1081387e+03   9.9709373e-01   4.4898116e-03
   6.1081415e+03   9.9644329e-01   4.4868827e-03
   6.1081443e+03   9.9460864e-01   4.4786214e-03
   6.1081471e+03   9.9204521e-01   4.4670786e-03
   6.1081500e+03   9.9271729e-01   4.4701049e-03
   6.1081529e+03   9.9338982e-01   4.4731332e-03
   6.1081558e+03   9.9515834e-01   4.4810967e-03
   6.1081587e+03   1.0036576e+00   4.5193681e-03
   6.1081616e+03   9.9644329e-01   4.4868827e-03
   6.1081644e+03   9.9595498e-01   4.4846839e-03
   6.1081673e+03   9.9028232e-01   4.4591405e-03
   6.1081702e+03   1.0030407e+00   4.5165901e-03
   6.1081731e+03   9.9831010e-01   4.4952888e-03
   6.1081760e+03   9.9812779e-01   4.4944678e-03
   6.1081789e+03   9.9935149e-01   4.4999780e-03
   6.1081818e+03   9.9944630e-01   4.5004050e-03
   6.1081848e+03   9.9837152e-01   4.4955653e-03
   6.1081876e+03   1.0004590e+00   4.5049651e-03
   6.1081905e+03   9.9479214e-01   4.4794477e-03
   6.1081934e+03   9.9353988e-01   4.4738090e-03
   6.1081963e+03   9.9834081e-01   4.4954270e-03
   6.1081992e+03   9.9849429e-01   4.4961181e-03
   6.1082020e+03   9.9978438e-01   4.5019273e-03
   6.1082049e+03   9.9831185e-01   4.4952966e-03
   6.1082078e+03   9.9494599e-01   4.4801405e-03
   6.1082106e+03   1.0069601e+00   4.5342389e-03
   6.1082134e+03   1.0017200e+00   4.5106432e-03
   6.1082163e+03   9.9656490e-01   4.4874303e-03
   6.1082191e+03   9.9766759e-01   4.4923956e-03
   6.1082220e+03   1.0045519e+00   4.5233950e-03
   6.1082250e+03   9.9996884e-01   4.5027579e-03
   6.1082278e+03   1.0012890e+00   4.5087022e-03
   6.1082307e+03   1.0004916e+00   4.5051116e-03
   6.1082336e+03   1.0057862e+00   4.5289528e-03
   6.1082365e+03   9.9739068e-01   4.4911487e-03
   6.1082393e+03   1.0009803e+00   4.5073125e-03
   6.1082425e+03   1.0015300e+00   4.5097875e-03
   6.1082455e+03   9.9910844e-01   4.4988836e-03
   6.1082484e+03   9.9580015e-01   4.4839867e-03
   6.1082513e+03   9.9944547e-01   4.5004012e-03
   6.1082542e+03   9.9509894e-01   4.4808292e-03
   6.1082571e+03   1.0031649e+00   4.5171496e-03
   6.1082601e+03   1.0002113e+00   4.5038495e-03
   6.1082631e+03   1.0027949e+00   4.5154832e-03
   6.1082660e+03   1.0006419e+00   4.5057884e-03
   6.1082689e+03   1.0031032e+00   4.5168717e-03
   6.1082718e+03   1.0014429e+00   4.5093954e-03
   6.1082746e+03   1.0016584e+00   4.5103657e-03
   6.1082775e+03   9.9779027e-01   4.4929480e-03
   6.1082806e+03   1.0016892e+00   4.5105044e-03
   6.1082835e+03   1.0015651e+00   4.5099457e-03
   6.1082865e+03   1.0032275e+00   4.5174313e-03
   6.1082894e+03   9.9966053e-01   4.5013696e-03
   6.1082922e+03   1.0099621e+00   4.5477564e-03
   6.1082951e+03   1.0078264e+00   4.5381398e-03
   6.1082983e+03   9.9651937e-01   4.4872253e-03
   6.1083013e+03   9.9604680e-01   4.4850974e-03
   6.1083041e+03   9.9647385e-01   4.4870203e-03
   6.1083070e+03   1.0020253e+00   4.5120181e-03
   6.1083099e+03   1.0064650e+00   4.5320093e-03
   6.1083127e+03   1.0035959e+00   4.5190900e-03
   6.1083156e+03   1.0036885e+00   4.5195071e-03
   6.1083186e+03   1.0036277e+00   4.5192332e-03
   6.1083215e+03   1.0045210e+00   4.5232559e-03
   6.1083243e+03   9.9561737e-01   4.4831637e-03
   6.1083272e+03   1.0039962e+00   4.5208926e-03
   6.1083301e+03   1.0086961e+00   4.5420559e-03
   6.1083329e+03   1.0011949e+00   4.5082787e-03
   6.1083358e+03   9.9919972e-01   4.4992946e-03
   6.1083387e+03   1.0089415e+00   4.5431609e-03
   6.1083416e+03   1.0095310e+00   4.5458154e-03
   6.1083444e+03   1.0060654e+00   4.5302102e-03
   6.1083474e+03   1.0083542e+00   4.5405162e-03
   6.1083502e+03   1.0008897e+00   4.5069045e-03
